Armenian_Adana:ADN1,0.097888,0.147252,-0.05242,-0.061047,-0.029852,-0.020359,0.003055,-0.005307,-0.029451,-0.005832,0.004709,0.000599,-0.004014,0.00055,-0.011129,0.00053,0.001043,-0.002154,0.000126,-0.003252,0.001373,0.003957,0.000739,-0.007591,0.005748
Armenian_Aintab:Aintab001,0.104717,0.145221,-0.05506,-0.068153,-0.030775,-0.013945,0.0047,0.000692,-0.025975,0,0.000812,0.000599,0.001189,0.005505,-0.013301,-0.005569,0.014473,0.0019,0.005154,-0.002626,0.000873,-0.00272,-0.001479,-0.003494,-0.00012
Armenian_Aintab:Aintab002,0.100164,0.138112,-0.058831,-0.064923,-0.026466,-0.028726,0.004465,-0.008538,-0.022907,-0.002369,0.001461,0.002398,0.000297,-0.006606,-0.005157,0.012861,0.024643,-0.000127,-0.001131,0.002251,-0.00025,-0.000742,0.003328,-0.002892,-0.003353
Armenian_Aintab:Aintab003,0.097888,0.145221,-0.054305,-0.063954,-0.026774,-0.019522,0.00188,-0.005769,-0.021475,0,0.006983,0.006145,-0.002527,0.005918,-0.0019,-0.0118,-0.00678,0,-0.003645,-0.012256,0.001872,0.003215,0.001602,0.000843,0.000958
Armenian_Alashkert:ALA02,0.103579,0.140143,-0.057699,-0.063631,-0.027082,-0.018128,0.00564,-0.004384,-0.027202,0.000729,0.00065,0.003147,0.000892,0.008257,-0.0038,-0.009016,-0.010431,0.00266,0.004399,-0.007754,-0.001497,0.001607,0.002342,-0.000602,0.00455
Armenian_Alashkert:ALA09,0.108132,0.139128,-0.054305,-0.063954,-0.024928,-0.016455,-0.000705,-0.007384,-0.024747,-0.004556,0.00065,-0.002997,-0.001933,0.002615,0.000814,-0.002121,-0.00013,0.005954,0.002765,0.004252,-0.004367,0.001484,-0.003204,0.000361,0.003832
Armenian_Alashkert:ALA10,0.102441,0.139128,-0.058831,-0.059432,-0.026159,-0.017849,0.00376,-0.004846,-0.025361,-0.002551,0.005846,0.005995,-0.004014,0.00578,-0.004614,-0.007425,-0.009648,0.003294,0.00352,-0.012131,-0.001622,0.001855,-0.000123,-0.003374,0.001317
Armenian_Alashkert:Alashkert001,0.103579,0.142174,-0.059585,-0.065892,-0.020311,-0.014223,0.00282,-0.007154,-0.022293,0.006378,0.000325,-0.002698,-0.005798,-0.009083,-0.003936,0.020419,0.015385,0.00038,0.000251,0.000875,0.003619,-0.00136,0.001972,-0.001084,0.001796
Armenian_Aleppo:Halep18,0.102441,0.144205,-0.051666,-0.065569,-0.025851,-0.014781,0.003995,-0.00923,-0.028429,-0.005832,0.003735,0.000599,-0.002081,0.009634,-0.008686,-0.009016,-0.009127,-0.00038,0.003394,-0.010005,0.007112,0.007543,-0.001232,-0.001084,-0.002275
Armenian_Amasia:AMS1,0.103579,0.137096,-0.062979,-0.062662,-0.025543,-0.01757,0.005405,-0.004846,-0.028224,0.004009,0.004222,-0.000749,-0.008028,0.00289,-0.009365,-0.002254,0.00326,-0.003674,0.000503,-0.000625,0.00025,0.005441,-0.004067,-0.004458,0.004191
Armenian_Ararat:GRC11054316,0.105855,0.12491,-0.065619,-0.066861,-0.02462,-0.011156,0.005405,-0.000462,-0.032928,-0.000547,-0.001786,0.000749,-0.001635,0.004129,-0.004072,-0.010607,-0.022556,0.004941,0.00176,-0.01013,-0.00025,0.00643,0.004314,-0.00735,0.000718
Armenian_Ararat:GRC11054317,0.113823,0.136081,-0.04978,-0.063308,-0.028313,-0.017012,0.00329,0,-0.028224,0.003645,0.005684,0.006894,-0.001635,-0.004266,-0.003393,0.005834,0.020861,0.00114,0.002514,-0.005378,-0.004742,0.003833,-0.002465,0.006507,-0.002275
Armenian_Ararat:GRC11054318,0.101303,0.139128,-0.061471,-0.059432,-0.031698,-0.018965,0.000235,-0.006692,-0.028429,-0.004191,0.002111,0.00045,-0.00892,-0.006193,-0.008279,0.011933,0.013169,0.00076,0.01081,-0.005378,0.000499,0.006677,0.000616,0.006748,-0.00934
Armenian_Ararat:GRC11054319,0.101303,0.131003,-0.054305,-0.063631,-0.029544,-0.023985,0.00047,-0.006231,-0.028429,-0.004374,-0.004384,0.002398,-0.003271,-0.000413,-0.006379,0.001856,0.008214,0.003294,0.006159,-0.002501,0.003494,0.010387,-0.007395,0.003735,0.002155
Armenian_Ararat:GRC11054320,0.105855,0.137096,-0.055437,-0.055879,-0.029852,-0.013387,0.004935,-0.005307,-0.031088,-0.011663,-0.003248,-0.001049,0.001784,0.002477,-0.002172,-0.009812,-0.009779,0.000887,-0.001885,-0.002501,0.006738,-0.000495,-0.006655,0.002169,0.001197
Armenian_Ararat:GRC11054321,0.094473,0.140143,-0.064488,-0.062985,-0.026466,-0.02259,0.00517,-0.004384,-0.03027,0.002369,0.005359,-0.000599,-0.002973,0.005505,-0.0095,-0.003978,-0.001825,-0.001267,0.010182,-0.006003,0.003244,-0.003462,-0.001109,-0.004338,0.001916
Armenian_Ararat:GRC11054322,0.101303,0.149283,-0.062225,-0.067184,-0.024928,-0.008646,0.006345,-0.006461,-0.027406,-0.002551,0.002273,0.003297,0.004162,0.001101,-0.012622,-0.00769,-0.012647,0.001014,0.003268,-0.005378,0.006364,0.006183,-0.00037,0.003253,0.003592
Armenian_Ararat:GRC11054323,0.103579,0.132019,-0.060339,-0.062985,-0.027697,-0.010598,0.004935,-0.000692,-0.023725,-0.010934,0.008607,0.002847,0,0.013349,-0.00475,-0.017634,-0.004303,0.007728,0.004651,-0.003252,-0.007487,-0.001113,0.007641,-0.003615,0.008143
Armenian_Ararat:GRC11054325,0.102441,0.126941,-0.063356,-0.05814,-0.025543,-0.017012,0.00188,-0.006231,-0.027815,-0.009476,0.001949,0.005095,-0.001933,-0.000275,-0.005293,0.005171,0.011213,-0.005954,0.000126,0.003752,-0.006738,0.006677,-0.003204,0.001325,-0.003832
Armenian_Ararat:GRC11054326,0.097888,0.139128,-0.061471,-0.067184,-0.025543,-0.016733,0.004465,-0.003923,-0.025361,-0.005467,0.002598,0.008542,0.002676,0,-0.004072,0.00305,0.011995,0.000253,0.002011,-0.003752,0.003119,0.007419,0.003944,-0.002048,-0.002634
Armenian_Ararat:GRC11054327,0.102441,0.136081,-0.062979,-0.068153,-0.022773,-0.009761,0.00705,-0.002769,-0.026179,0.000729,0.004872,0.007793,-0.004757,0.006744,-0.009365,-0.006762,-0.012256,0.008361,0.006788,-0.006128,0.001747,0.005935,0.002342,0.003615,0.004311
Armenian_Ararat:GRC11054328,0.104717,0.13405,-0.056191,-0.060724,-0.020311,-0.013945,0.00329,-0.001846,-0.019839,-0.004738,-0.002436,0.001349,-0.001338,0.001927,-0.008686,0.005038,0.013821,0.00038,0.004274,-0.006753,-0.000749,0.002844,-0.006286,-0.002651,-0.002036
Armenian_Ararat:GRC11054329,0.106994,0.129988,-0.059208,-0.054264,-0.026466,-0.022311,0.00987,-0.001846,-0.033133,0.005103,0.012179,0.004646,-0.005203,-0.003716,-0.001493,0.001591,0.006128,0.00228,0.003771,-0.007128,-0.006863,0.001978,-0.007395,0.00012,-0.001796
Armenian_Ararat:GRC11054330,0.104717,0.14319,-0.05506,-0.063308,-0.026159,-0.018965,0.00141,-0.01523,-0.029247,-0.002187,-0.000162,0.004346,-0.004906,0.002202,-0.010586,0.001193,0.004042,-0.003801,0.006788,-0.006503,0.001497,0.005688,0.002958,-0.00735,0.005748
Armenian_Ararat:GRC11054331,0.099026,0.141159,-0.062602,-0.056525,-0.029852,-0.023427,0.00658,0.000231,-0.031088,-0.004009,0.00406,0.002997,-0.007582,0.00578,0.000271,0.001591,-0.001043,0.003927,-0.001006,-0.009755,0.004118,0.000866,-0.002342,-0.001807,0.008263
Armenian_Ararat:GRC11054332,0.100164,0.139128,-0.064111,-0.061047,-0.02739,-0.020359,0.001175,-0.007384,-0.029451,-0.005285,0.005034,0.008842,-0.00773,0.004679,0.00095,-0.001591,0.001825,-0.0019,0.009679,0.003627,-0.00262,0.005317,-0.004314,-0.00253,0.005029
Armenian_Ararat:GRC11054333,0.105855,0.138112,-0.050911,-0.061693,-0.029852,-0.025937,0.006345,-0.007615,-0.026384,-0.004738,0.009094,-0.001948,-0.002676,0.009634,-0.004479,-0.009679,-0.011213,0.00038,-0.002765,-0.002501,0.00262,0.003586,-0.001725,-0.000361,0.001437
Armenian_Artsakh:Artsakh001,0.102441,0.136081,-0.056945,-0.048773,-0.030159,-0.012829,0.00752,-0.000923,-0.035587,-0.008747,-0.000162,0.004496,-0.004906,-0.001651,-0.000271,-0.007558,-0.007432,-0.00152,0.003017,-0.009755,-0.005116,0.006801,0.001849,-0.001566,0.000958
Armenian_Artsakh:Artsakh003,0.103579,0.136081,-0.044123,-0.04522,-0.030159,-0.009482,0.00611,-0.012461,-0.032928,-0.012757,0.007307,-0.000749,-0.005054,-0.009358,0.0076,0.005967,0.008475,-0.006081,0.001131,0.002626,0.001248,0.002473,0.000986,-0.006025,0.003233
Armenian_Artsakh:Hadrut11,0.104717,0.14319,-0.055814,-0.05491,-0.03139,-0.005578,0.00893,-0.006461,-0.032928,-0.00328,0.00747,0.004496,0.002973,0.004679,-0.003529,0.006629,-0.003912,0.004814,0.004651,0.001376,-0.004118,0.001978,0.006779,-0.002892,-0.003952
Armenian_Artsakh:KPB24,0.108132,0.13405,-0.056191,-0.054587,-0.026774,-0.01004,-0.002115,-0.006692,-0.030679,-0.00492,0.001786,-0.001349,-0.001635,0.005643,-0.003664,0.005701,0.004433,0.001014,0.003268,-0.002001,0.002745,0.002473,-0.002465,-0.00253,0.00934
Armenian_Artsakh:KRB13,0.101303,0.131003,-0.05506,-0.053295,-0.028928,-0.017291,0.00188,-0.006,-0.031497,-0.008383,0.00747,0.001948,-0.005946,0.003028,-0.005836,0.009812,0.020861,0.000253,0.004022,-0.002126,0.003868,0.000495,-0.010723,0.005543,0.000479
Armenian_Artsakh:KRB22,0.104717,0.133034,-0.054305,-0.053941,-0.032006,-0.015339,0.0047,-0.003,-0.037019,-0.002734,-0.011205,0.004346,-0.003717,0.006881,-0.005022,0.005171,0.006128,0.004814,0.006034,-0.003502,0.004118,0.00507,-0.002711,-0.001084,0.00467
Armenian_Artsakh:KRB32,0.105855,0.138112,-0.060716,-0.047158,-0.03416,-0.011992,0.00658,-0.007154,-0.03211,-0.009659,0.005521,-0.001499,-0.004906,-0.002064,-0.006515,0.008884,0.005215,-0.002534,-0.000628,-0.01113,0.003619,0.000866,0.002958,-0.006507,-0.002395
Armenian_Artsakh:Karabakh22,0.104717,0.135065,-0.059585,-0.049096,-0.036622,-0.011435,0.00235,-0.007384,-0.030883,-0.009476,0.00406,-0.001798,0.000297,0.006744,0.002036,-0.008884,-0.008605,-0.000253,-0.002388,0.004377,0.002496,0.00507,0.001479,-0.005904,0.007424
Armenian_Artsakh:Karabakh23,0.102441,0.132019,-0.050157,-0.051357,-0.033237,-0.006414,0.00423,-0.003231,-0.036814,-0.011663,0.001624,0.004496,-0.007284,0.007569,0.001764,-0.010077,-0.011995,0.0019,0.005531,-0.003877,0.003993,0.000866,0.006532,0,0.000479
Armenian_Artsakh:Karabakh24,0.102441,0.136081,-0.060716,-0.054587,-0.028928,-0.019801,0.00517,-0.002077,-0.034565,-0.009476,0.000974,0.001049,0.000149,0.004542,-0.005022,0.008221,0.002868,-0.000127,-0.004902,-0.007003,-0.000374,0.001607,0.002465,0.001566,-0.004071
Armenian_Artsakh:Karabakh25,0.10927,0.125926,-0.050534,-0.054264,-0.033237,-0.014502,0.00423,-0.005769,-0.029656,-0.00328,0.009419,0.005695,-0.007433,0.002064,-0.006379,0.001458,0.008345,0.003674,0.00176,-0.003502,0.005989,-0.003833,0.002958,-0.007109,0.006347
Armenian_Artsakh:Karabakh26,0.099026,0.144205,-0.060716,-0.05491,-0.031083,-0.004462,0.007285,-0.00923,-0.035792,-0.006196,0.008769,0.002248,-0.005649,-0.005643,-0.00665,-0.000928,0.005737,0.001647,0.001131,0.00075,0.001248,0.001978,0.001849,0.000482,-0.000599
Armenian_Artsakh:Martuni1,0.106994,0.13405,-0.061094,-0.053941,-0.023389,-0.003904,0.00423,-0.004846,-0.036405,-0.009476,0.00341,-0.001499,0.012042,-0.007294,-0.000136,0.012066,0.005998,-0.00076,0.002765,-0.001626,0.005865,0.000247,0.003081,-0.005904,-0.000718
Armenian_Artsakh:Mets_Shen19,0.108132,0.131003,-0.05242,-0.056525,-0.037545,-0.009203,0.00282,-0.003,-0.028429,-0.001458,0.005359,0.004346,-0.005798,0.001927,-0.006107,-0.005436,-0.006128,-0.000633,0.002388,-0.006128,0.001373,0.006306,-0.009737,-0.000241,0.005748
Armenian_Artsakh:Talish01,0.106994,0.136081,-0.053551,-0.050388,-0.026774,-0.016733,0.00282,-0.007846,-0.024952,-0.006378,0.001299,0.004196,-0.002081,-0.001927,-0.002172,0.011138,0.016689,0.00038,-0.005782,0.003877,0.003743,-0.00507,-0.00419,0.003012,-0.000838
Armenian_Artsakh:Vanq20,0.104717,0.133034,-0.060716,-0.055233,-0.032314,-0.016733,0.003995,-0.006461,-0.035996,0.000182,-0.002111,-0.000599,-0.004608,0.008808,-0.007465,-0.014452,-0.01369,-0.000127,-0.000754,0.000375,-0.001497,-0.001113,0.002342,-0.002289,0.010298
Armenian_Artvin:Artvin14,0.104717,0.131003,-0.062225,-0.055879,-0.030467,-0.019522,0.004935,-0.005769,-0.034155,-0.00328,-0.004709,0.001798,-0.004162,-0.000688,-0.003393,0.01127,0.01695,-0.00114,0.001257,0.004002,0.002121,0.002349,-0.011709,0.000723,-0.00479
Armenian_Ashtarak:Ashtarak001,0.105855,0.147252,-0.063733,-0.056525,-0.042777,-0.003068,-0.00141,-0.007384,-0.030883,-0.003827,-0.002273,0.006444,-0.007582,0.004817,-0.000407,0.004375,0.007302,0.001647,0.00817,0.003001,0.000998,0,0.010723,-0.001928,0.007185
Armenian_Bayazet:BYZ01,0.099026,0.13405,-0.062602,-0.055556,-0.02739,-0.016733,0.001175,-0.001615,-0.022702,-0.004738,0.001786,0.000599,-0.001041,0.00289,-0.005565,0.007292,-0.003651,0.004307,0.002263,-0.003001,-0.00025,-0.001978,-0.001849,0.00482,0.000239
Armenian_Bayazet:BYZ02,0.097888,0.136081,-0.060716,-0.062016,-0.03416,-0.019522,0.00376,-0.014538,-0.023725,-0.003645,-0.000812,0.00015,0.002676,-0.000826,-0.004886,0.005436,-0.004042,-0.00114,-0.001006,-0.006003,0.007237,0.004328,-0.000863,0.001446,-0.002515
Armenian_Bayazet:BYZ04,0.101303,0.139128,-0.064488,-0.059432,-0.027082,-0.014781,0.003055,-0.003692,-0.027406,-0.002187,0.00341,-0.00045,-0.005798,0.002202,0.005565,0.001989,-0.006258,0.00114,0.004148,0.004877,0.002371,0.002473,-0.00493,0.006266,0.008622
Armenian_Bayazet:Bayazet1,0.106994,0.137096,-0.061094,-0.05814,-0.030775,-0.01004,0.004465,-0.003,-0.027815,0.000547,0.002436,-0.003597,0.001933,-0.00578,0.001221,0.00716,0.001565,-0.000633,0.002765,-0.002876,-0.001996,0.004946,-0.002465,0.003253,0.002036
Armenian_Central_Iran:ARM003,0.103579,0.137096,-0.060716,-0.049419,-0.032621,-0.004741,0.009635,0.000692,-0.038041,-0.012028,0.003897,-0.001798,-0.007582,-0.000275,0.007872,0.006629,0.001956,-0.000253,0.001006,-0.000125,0.00025,0.002349,-0.000739,-0.001928,-0.002036
Armenian_Central_Iran:Fereydunshahr001,0.104717,0.138112,-0.056568,-0.055233,-0.033852,-0.006693,0.00094,-0.002769,-0.026384,0.006196,-0.000812,0.005695,-0.01115,-0.006193,-0.0076,0.001856,0.008996,-0.0019,0.003645,-0.003877,0.008735,-0.005317,-0.006655,-0.004217,0.002515
Armenian_Central_Iran:Khomeyn001,0.103579,0.136081,-0.062225,-0.05491,-0.036622,-0.013108,0.00611,-0.006923,-0.03436,-0.014761,0.001461,-0.001798,-0.003717,0.007432,-0.005429,-0.012198,-0.001434,-0.005321,0.000754,-0.008879,0.00262,0.007048,0.010599,-0.001687,0.004191
Armenian_Central_Iran:Khomeyn002,0.108132,0.137096,-0.060339,-0.063631,-0.024928,-0.006693,0.00094,-0.004154,-0.031088,-0.010205,0.003897,0.003147,-0.007136,0.008395,-0.006922,-0.019358,-0.004172,-0.004181,0.000377,-0.002501,0.001373,0.000742,-0.002218,0.006507,0.003113
Armenian_Diyarbekir:Diarbekir001,0.100164,0.132019,-0.061094,-0.065246,-0.025543,-0.018686,0.004935,-0.008769,-0.026793,0.00328,0.00682,0.002098,-0.001784,0.001927,-0.008143,0.013126,0.017602,0.001267,-0.001006,0.003627,0.001123,-0.005564,0.003081,-0.007109,-0.006586
Armenian_Diyarbekir:Mardin01,0.100164,0.141159,-0.058454,-0.068799,-0.026159,-0.023985,0.010105,-0.006231,-0.026588,-0.005832,0.00682,-0.004046,0.003568,0.009634,-0.007872,0.000398,-0.001956,0.002787,0.001257,-0.003126,0.003244,0.003339,0.001356,-0.000482,0.004191
Armenian_Diyarbekir:TGK04,0.099026,0.139128,-0.057699,-0.06783,-0.032314,-0.015339,0.003995,-0.002769,-0.024338,-0.002734,0.001137,-3e-04,0.003865,-0.002202,-0.000136,0.001458,0.004563,0.001014,0.000503,-0.001126,-0.002995,-0.000124,0.002218,0.005422,-0.006107
Armenian_Erzurum:ERZ6,0.105855,0.144205,-0.056945,-0.065569,-0.025235,-0.020917,0.00611,-0.004384,-0.020248,-0.005649,0.00341,0.002398,0.002676,0.005367,-0.004343,-0.009546,-0.00691,0.001647,0.001508,-0.002876,0.003868,-0.001978,0.002711,-0.000723,0.006347
Armenian_Erzurum:ERZ7,0.102441,0.13405,-0.054682,-0.058786,-0.028005,-0.016733,0.00517,-0.009461,-0.034769,-0.007654,0.006983,0.001798,-0.003419,0.00289,-0.00475,0.007425,0.021253,-0.00266,-0.000754,0.002876,-0.000499,0.003462,-0.002095,0.005061,-0.005987
Armenian_Erzurum:ERZ9,0.095611,0.132019,-0.065996,-0.061693,-0.026159,-0.014223,0.004465,-0.003923,-0.032928,0.000182,0.005684,0.004946,-0.01115,-0.005092,-0.000136,0.002784,0.020601,-0.00038,0.001131,0.006753,0.00025,-0.002597,0.003697,0.000361,0.003233
Armenian_Erzurum:Erzurum1,0.102441,0.135065,-0.057322,-0.055879,-0.033852,-0.021196,0.00094,-0.008077,-0.02986,-0.009294,0.002273,0.002398,0.003419,-0.007156,-0.003936,0.013657,0.028684,-0.000127,-0.00264,0.005753,0.007237,0.005935,-0.001849,0.000482,0.001916
Armenian_Erzurum:Erzurum2,0.105855,0.131003,-0.058454,-0.062985,-0.029852,-0.014502,0.005405,-0.010615,-0.037428,-0.007107,0.004222,0.003147,-0.0055,0.00523,-0.003529,-0.009546,-0.014603,0.000127,0.001131,-0.002626,0.006988,0.007048,-0.001849,-0.001687,-0.005628
Armenian_Erzurum:Erzurum27,0.110408,0.136081,-0.060716,-0.059109,-0.032006,-0.018686,0.002115,-0.010615,-0.038246,-0.004556,-0.000974,0.004496,-0.012339,0.001927,0.001086,-0.006629,0.00013,-0.003801,-0.000754,0.00075,0.001123,0.003091,-0.00493,-0.00241,-0.00012
Armenian_Erzurum:Erzurum6,0.105855,0.136081,-0.061094,-0.063631,-0.026774,-0.019801,0.004465,-0.003692,-0.034155,-0.004738,0.000812,0.007194,-0.010704,0.010322,-0.001357,-0.015911,-0.006519,0.000633,0.001006,-0.005503,0.004991,0.002102,-0.00456,-0.002289,0.00455
Armenian_Erzurum:Erzurum7,0.104717,0.131003,-0.055437,-0.052326,-0.032314,-0.012829,0.008225,-0.003461,-0.028429,-0.009659,0.004222,0.006444,0.00446,0.014038,-0.004343,-0.005569,-0.014342,0.003421,0.002137,-0.011255,-0.001248,-0.002968,-0.004314,-0.002771,-0.002395
Armenian_Erzurum:Erzurum9,0.105855,0.135065,-0.066373,-0.057494,-0.03139,-0.012829,0.003995,-0.008538,-0.033542,-0.008747,0.003735,0.010641,-0.010704,0.003165,-0.004343,0.008486,0.021122,-0.001394,0.004525,-0.002001,0.007736,0.002102,-0.00986,0.003374,0.005269
Armenian_Gardman:Chambarak13,0.108132,0.128972,-0.052043,-0.051034,-0.033852,-0.013666,0.00188,-0.013615,-0.039678,-0.015126,0.004222,-0.001349,0.000297,0.003991,-0.003936,-0.002784,-0.007432,-0.000253,0.001383,-0.006503,0.001123,0.00643,0.000739,-0.004097,0.00455
Armenian_Gardman:GRD01,0.105855,0.132019,-0.052797,-0.052649,-0.031698,-0.014781,0.011751,-0.005307,-0.041314,-0.005467,0.001299,0.004496,-0.010555,0.005918,-0.002714,-0.015513,-0.014081,0.000633,0.001257,-0.01088,-0.003743,0.002473,-0.000863,-0.005422,-0.001557
Armenian_Gardman:Shahumyan10,0.101303,0.128972,-0.056191,-0.054587,-0.035699,-0.011713,0.00376,-0.005538,-0.038655,-0.011481,0.009094,0.004496,-0.008474,-0.003716,-0.003257,-0.000398,0.00665,0.008742,0.004022,5e-04,0.007986,0.000247,0.003328,0.00494,0.002155
Armenian_Gesaria:Evereg001,0.111547,0.136081,-0.056191,-0.062016,-0.020619,-0.014781,0.0047,-0.004615,-0.030679,-0.001093,0.003573,0.002248,-0.001338,0.01156,-0.006107,-0.01485,-0.011083,0.002787,0.006411,-0.008254,-0.00549,0.005193,-0.002465,-0.004699,0.001078
Armenian_Gesaria:Evereg002,0.105855,0.136081,-0.054305,-0.056525,-0.028928,-0.015339,0.001645,-0.001846,-0.028429,-0.001822,0.005521,0.004046,-0.003271,0.001239,-0.001357,0.00358,0.00326,-0.00038,0.002263,-0.008379,-0.001123,0.005688,-0.005669,-0.003374,-0.000479
Armenian_Gesaria:Evereg003,0.100164,0.131003,-0.053928,-0.063954,-0.02739,-0.013666,0.00987,-0.005538,-0.024543,-0.004009,0.009256,0.003597,-0.006541,-0.010459,-0.008279,0.001989,0.019297,0,-0.003394,-0.001,0.003619,0.006801,-0.003204,0.000482,0.000359
Armenian_Gesaria:Gesi004,0.10927,0.137096,-0.046763,-0.05814,-0.026774,-0.016733,0.00188,-0.006923,-0.02802,-0.000547,-0.002111,-0.000749,-0.003122,0.007982,-0.004343,-0.007558,-0.011604,-0.001014,0.001885,0.000375,0.006988,0.003462,0.001479,0.001205,0.004191
Armenian_Gurin:Gurin001,0.101303,0.141159,-0.057699,-0.059432,-0.027697,-0.016733,0.00517,-0.007154,-0.027815,0.000729,-0.001299,0.005095,0.001487,-0.000138,-0.011129,0.009414,0.011474,0.001267,0.006788,0.001376,0.003993,-0.003339,0.000246,-0.000723,-0.007664
Armenian_Gurin:Gurin002,0.106994,0.137096,-0.058454,-0.063954,-0.030467,-0.016176,0.006815,-0.006,-0.033542,-0.006378,0.006171,-0.00015,0.005649,0.000413,-0.005157,0.010209,0.017732,-0.004941,-0.001885,0.004002,0.002995,0.003215,-0.003697,-0.001687,0.002395
Armenian_Hamshen:ARK-59,0.105855,0.140143,-0.068636,-0.063631,-0.035391,-0.015897,0.00235,-0.003923,-0.039678,-0.005103,-0.001786,0.010041,-0.009068,-0.004542,-0.0095,-0.010209,0.011213,0.003041,0.00264,0.004502,0.009733,0.010881,-0.00493,-0.005904,0.006586
Armenian_Hamshen:ARK-76,0.105855,0.131003,-0.05506,-0.055879,-0.035699,-0.023427,0.011045,-0.009461,-0.046836,0.002551,0.007795,0.007643,-0.012636,-0.001376,-0.008822,-0.013657,0.009648,0.00152,-0.005656,-0.005503,0.004991,-0.001978,-0.00456,-0.006868,0.002275
Armenian_Hamshen:ARK-78,0.10927,0.138112,-0.057322,-0.063631,-0.035699,-0.005578,0.00094,-0.014076,-0.042541,-0.004191,0.002923,0.006444,-0.012933,0.007569,-0.009365,-0.017767,0.001956,0.000633,0.001885,0.017008,-0.001373,0.00643,-0.009737,-0.014942,0.006586
Armenian_Hamshen:ARK-82,0.108132,0.145221,-0.056945,-0.065892,-0.0437,-0.018965,0.011751,-0.008538,-0.047859,-0.003645,0.009906,0.01094,-0.012785,0.002477,-0.012758,-0.009414,0.009779,0.001647,-0.008547,0.002626,0.003743,-0.001607,0.002958,-0.00735,-0.003832
Armenian_Hamshen:ARK-84,0.10927,0.133034,-0.052797,-0.05814,-0.030159,-0.009482,0.005875,-0.009692,-0.042745,-0.010752,0.005684,0.00045,-0.003122,-0.000138,-0.010993,0.004773,0.008605,0.000127,0.003268,0.006253,0.009733,0.011005,0.002218,-0.00482,-0.005628
Armenian_Hamshen:ARK-88,0.102441,0.139128,-0.063356,-0.052972,-0.032621,-0.018965,0.00329,-0.006923,-0.045404,-0.014214,-0.002273,0.01109,-0.021704,-0.004542,-0.0057,-0.000398,0.011995,-0.002407,-0.006662,0.001626,0.003244,0.00136,-0.002465,-0.002289,-0.002155
Armenian_Hamshen:ARK-89,0.110408,0.135065,-0.054305,-0.062339,-0.030467,-0.01506,0.014806,0.000692,-0.057471,-0.004738,-0.003085,0.002548,-0.014866,0.007294,-0.001493,-0.007558,0.010431,-0.006081,-0.001885,0.005628,0.010107,0.000989,-0.004807,-0.002169,0.001317
Armenian_Hamshen:HemsinTurkey1,0.104717,0.140143,-0.056191,-0.064277,-0.037238,-0.006414,0.00517,-0.010153,-0.037019,-0.003098,0.005359,0.005845,-0.007879,0.003441,-0.007193,-0.00769,-0.000913,-0.000253,0.00176,-0.000125,-0.005241,0.004822,-0.002835,-0.00964,-0.001437
Armenian_Javakhk:ARM1,0.104717,0.136081,-0.053551,-0.055556,-0.020927,-0.02259,0.002115,-0.004384,-0.026179,-0.002551,0.00406,-0.004196,-0.000743,-0.003028,-0.009229,0.009812,0.008866,0.000253,0.003897,-0.001626,-0.003868,0.005564,0.005423,0.00494,0.001197
Armenian_Javakhk:ARM2,0.106994,0.139128,-0.063733,-0.059109,-0.028928,-0.019243,0.003995,-0.001154,-0.032519,-0.004374,0.001786,0.000599,-0.00446,0.009221,-0.006922,-0.011138,-0.009257,0.002154,-0.002137,0.000375,0.006489,0.001484,-0.002711,-0.001566,0.004311
Armenian_Javakhk:ARM3,0.102441,0.140143,-0.065242,-0.063631,-0.032929,-0.017291,0.005875,-0.005769,-0.033337,-0.006378,0.002923,-0.002098,0,0.002202,-0.003936,0.003845,0.004303,0.004687,0.004148,-0.001251,0.005615,-0.002844,0.003821,-0.002651,0.00012
Armenian_Javakhk:ARM4,0.106994,0.13405,-0.04978,-0.072029,-0.020927,-0.023148,0.000705,-0.004615,-0.025565,-0.004191,0.005846,0.002698,-0.005203,-0.000138,0.003122,0.003978,-0.000652,0.000507,0.000754,0.002626,0.00287,0.008532,0.001356,-0.001807,-0.003233
Armenian_Javakhk:ARM5,0.104717,0.144205,-0.055437,-0.067507,-0.028621,-0.017012,0.004465,0.000462,-0.034769,-0.007654,0.006658,0.001649,0.000743,-0.00289,-0.004479,0.00358,0.000261,0.001774,-0.001006,-0.003502,-0.002246,-0.001978,0.00037,0.000361,0.002155
Armenian_Kars:F03,0.105855,0.135065,-0.063733,-0.062016,-0.033545,-0.019243,-0.00094,-0.011769,-0.031701,-0.002551,0.007957,0.002098,-0.00996,0.00523,0.001493,-0.00305,-0.014733,0.003294,0.003394,-0.005253,0.003868,-0.003339,-0.005176,-0.00241,-0.000479
Armenian_Kessab:KSB1,0.101303,0.137096,-0.059585,-0.060724,-0.025235,-0.02008,0.00047,-0.012692,-0.022702,-0.00164,0.01088,0.002997,-0.001338,0.003991,-0.002579,-0.001458,-0.002477,-0.00228,0.00176,-0.004377,0.004742,-0.002597,0.000986,0.00241,-0.003113
Armenian_Kessab:KSB2,0.104717,0.138112,-0.051666,-0.065569,-0.026466,-0.013387,0.010575,-0.002769,-0.020452,0.000729,0.002923,0.005095,-0.003271,0.003441,-0.007329,-0.006364,-0.000522,0.003801,0.006536,-0.009254,0.006489,0.00136,0.004067,0.002289,0.004311
Armenian_Kessab:KSB3,0.106994,0.136081,-0.054305,-0.062016,-0.023697,-0.023706,-0.00141,-0.006231,-0.01943,0.003645,0.004547,0.004646,0.000149,0.002615,-0.009093,0.017634,0.021774,-0.00152,0.002137,-0.000625,0.002995,0.00136,0.002835,-0.001205,-0.006107
Armenian_Kessab:KSB9,0.102441,0.144205,-0.061094,-0.066215,-0.029852,-0.012271,0.012926,-0.003231,-0.026179,0.005103,0.003735,0.004346,-0.007582,0.00812,-0.003936,0.00053,0.004824,-0.002534,-0.002514,-0.001501,-0.000624,-0.000866,-0.002711,0.001446,0.002036
Armenian_Kharberd:KBD4,0.104717,0.137096,-0.055814,-0.052326,-0.030775,-0.013108,0.0047,-0.009,-0.027815,-0.00164,0.004547,0.00045,-0.005946,-0.002477,-0.002036,-0.000928,0.000261,0.001267,0.003645,0.005002,-0.000125,0.001484,0.000986,0.004338,-0.000359
Armenian_Lori:Lori002,0.099026,0.133034,-0.056191,-0.047158,-0.037853,-0.02008,0.01034,-0.01523,-0.035178,-0.014579,0.004222,-0.000599,-0.002527,-0.003441,-0.005565,0.010342,0.024773,-0.009755,0.001131,0.001626,0.008111,0.007543,-0.006532,-0.003133,-0.003592
Armenian_Lori:Lori003,0.10927,0.128972,-0.048649,-0.054587,-0.036622,-0.001952,0.00799,-0.005307,-0.03436,-0.006925,0.003897,0.00045,-0.00446,0.002615,0.0019,-0.012198,-0.013038,0.005701,0.007919,-0.002626,0.010731,0.005564,0.012571,0.001446,0.010777
Armenian_Lori:Lori004,0.092197,0.132019,-0.048649,-0.052972,-0.025235,-0.010319,0.011281,-0.004846,-0.028429,-0.007107,0.003085,0.005845,-0.005352,-0.000688,0.001221,-0.001061,-0.001565,0.003674,0.008422,0.000625,0.00574,-0.002226,0.005053,0.001928,0.001197
Armenian_Lori:Lori005Shnogh,0.110408,0.133034,-0.062979,-0.055556,-0.033545,-0.005857,0.00752,-0.007384,-0.03845,-0.007472,-0.000162,0.01139,-0.011893,-0.001514,-0.009636,-0.012066,-0.003781,0,0.002137,-0.008254,0.00574,0.005317,-0.004067,-0.004097,0.005029
Armenian_Lori:Lori006Shnogh,0.104717,0.141159,-0.052043,-0.058463,-0.035391,-0.009203,0.00799,-0.007154,-0.040496,-0.008018,-0.001461,0.008393,-0.008176,0.000413,-0.0076,-0.006895,-0.005737,-0.00114,0.00088,0.007879,0,-0.005935,-0.002218,0.001446,0.0097
Armenian_Mush:Mush3,0.09675,0.139128,-0.061094,-0.066861,-0.031698,-0.019801,0.001175,-0.009,-0.031701,-0.00893,0.001461,0.003747,-0.003122,-0.006331,-0.009093,0.00358,0.021644,-0.00114,0.004902,0.003502,0.003369,-0.001978,-0.000863,0.002771,0.010897
Armenian_Parspatunik:Parspatunik001,0.103579,0.140143,-0.046386,-0.049096,-0.031083,-0.004183,0.004935,-0.003692,-0.036814,-0.010023,0.005034,0.007643,-0.001487,0.000963,-0.003664,-0.000265,0.002477,0.00038,-0.000503,-0.002501,0.001373,0.003833,0.003944,0.001807,-0.001796
Armenian_Parspatunik:Parspatunik002,0.108132,0.141159,-0.053174,-0.055879,-0.035083,-0.007809,0.006345,-0.000231,-0.032928,-0.005467,0.000325,0.004346,-0.003865,-0.000138,-0.009772,-0.015115,-0.011865,-0.00266,0.001885,-0.004877,0,0.003586,0.000986,-0.003615,0.003113
Armenian_Sasun:SAS01,0.099026,0.145221,-0.058077,-0.076228,-0.030159,-0.01506,0.002585,-0.008077,-0.029451,0.004556,0.001299,0.001798,-0.008176,0.00812,-0.009908,-0.005171,-0.013951,0.005068,0.005908,-0.011255,0.006114,0.003833,-0.001972,0.001566,0.001557
Armenian_Sasun:SAS02,0.101303,0.141159,-0.058454,-0.069122,-0.029544,-0.016733,0.00423,-0.010384,-0.022907,-0.003645,0.007307,-0.006145,0.00223,0,-0.000814,0.005701,0.007432,0.003421,-0.00088,-0.004002,0.003868,-0.003586,-0.001356,0.000602,-0.001317
Armenian_Sasun:SAS03,0.095611,0.140143,-0.064111,-0.067507,-0.025543,-0.026774,-0.00047,-0.006923,-0.020657,-0.000729,0.003085,-0.001798,0.002379,0.003991,-0.001221,0.003315,0.004303,-0.002534,0.001508,-0.010755,-0.002246,0.002473,-0.000246,0.000723,0.001796
Armenian_Sasun:SAS05,0.095611,0.141159,-0.06675,-0.070737,-0.024928,-0.012271,0.008225,-0.008538,-0.029247,0.000911,0.003248,0.002248,-0.005649,0.002615,-0.008279,0.005171,0.015125,0.00228,0.005154,0.000125,0.002121,0.00136,-0.005916,0.003012,-0.002395
Armenian_Sasun:SAS06,0.101303,0.151314,-0.067882,-0.076874,-0.026466,-0.015618,0.00235,-0.007154,-0.027406,-0.001276,0.004384,0.004046,-0.002825,0.013762,-0.011129,-0.00411,-0.007953,0.004434,0.011061,-0.007379,0.004866,0.000371,-0.008258,-0.005181,-0.001197
Armenian_Sebastia:SEB07,0.108132,0.14319,-0.05242,-0.066861,-0.022466,-0.019801,0.00235,-0.004615,-0.026588,-0.00328,0.01023,0.002098,-0.003419,0.002752,-0.006786,0.002652,0.007953,-0.002534,0,-0.001751,-0.001123,0.000371,0.000986,-0.004217,0.002155
Armenian_Sebastia:SEB4,0.105855,0.135065,-0.052797,-0.074613,-0.028313,-0.019243,-0.000705,-0.003461,-0.027406,-0.001276,0.000974,-3e-04,0.001635,0.000963,-0.006922,0.003845,0.004042,0.002027,0.00352,-0.005503,-0.000749,-0.000247,0.003944,-0.000723,0.001078
Armenian_Shamakhi:Zargaran002,0.103579,0.140143,-0.049403,-0.043605,-0.026466,-0.001673,0.00188,-0.006,-0.039064,-0.007654,0.005034,0.002847,-0.005649,0.002615,0.001493,0.005967,0.005867,0.001394,0.003897,0.004252,0,0.00136,-0.006286,0.007712,0.002634
Armenian_Shamakhi_o:Zargaran001,0.10927,0.118817,-0.047517,-0.030362,-0.033545,-0.006414,0.00047,-0.003,-0.036405,-0.013303,-0.002598,-0.003597,-0.004162,-0.000275,0.001357,0.001061,0.008866,0.000127,0.005782,-0.001126,0.000374,0.000618,-0.012325,-0.005543,0.002275
Armenian_Syunik:Artsvanik,0.104717,0.138112,-0.054305,-0.056848,-0.030775,-0.01004,0.0047,-0.010615,-0.031906,-0.007472,0.004872,0.008692,-0.010406,0.007294,-0.003122,-0.004906,-0.011474,0.005828,0.004902,-0.007754,0.004617,-0.002597,-0.002095,0.002169,0.003113
Armenian_Syunik:Brnakot,0.104717,0.138112,-0.054682,-0.054587,-0.035391,-0.017291,0.00423,-0.002769,-0.033951,-0.003098,-0.000487,0.000599,0.000297,0.00867,-0.001221,-0.007292,-0.01004,0.00266,0.004274,-0.002376,0.006489,0.008656,-0.000246,-0.003253,0
Armenian_Syunik:Goris,0.104717,0.135065,-0.046763,-0.056202,-0.028313,-0.004741,0.00611,-0.005769,-0.027202,-0.006743,0.001299,0.005995,-0.00669,0.002064,-0.001629,-0.002387,-0.01343,-0.001774,0.001383,-0.004377,-0.001622,-0.003586,0.000123,-0.003976,-0.000718
Armenian_Syunik:Goris12,0.105855,0.13405,-0.053174,-0.045866,-0.031083,-0.011156,0.00705,-0.001846,-0.031701,-0.012939,-0.000162,0.005245,-0.005798,0.010597,-0.002986,-0.018297,-0.014473,0.003927,0.004022,-0.004877,-0.00287,0.007914,0.001109,0.003374,-0.006227
Armenian_Syunik:Goris4,0.105855,0.132019,-0.050911,-0.05814,-0.032006,-0.011435,0.007755,-0.007615,-0.034974,-0.006014,0.008444,0.001649,0.00446,0.002477,-0.000814,0.006497,-0.005085,0.005194,0.004902,-0.01113,0.000873,-0.002844,-0.004683,-0.000964,-0.001557
Armenian_Syunik:Goris5,0.104717,0.138112,-0.05506,-0.050711,-0.030775,-0.015339,0.00611,-0.004384,-0.032928,-0.00656,0.005359,0.002398,0.001189,0.009221,-0.001086,-0.005171,-0.009648,0.00152,0.002137,-0.005878,0.003119,-0.000989,0.007395,0.001205,0.008981
Armenian_Syunik:Khndzoresk-Goris,0.10927,0.133034,-0.052043,-0.049096,-0.030775,-0.009761,0.010105,-0.006461,-0.039882,-0.009112,0.001624,0.005245,-0.005946,0.000275,-0.001493,0.002519,0.002086,0.00266,0.004148,0.000625,0.002995,0.001484,-0.000246,0.004338,0.000479
Armenian_Syunik:Khndzoresk1,0.100164,0.131003,-0.059208,-0.052003,-0.03139,-0.011435,-0.004935,-0.011307,-0.030883,-0.005285,-0.000162,0.004196,0.001189,0.001651,-0.003529,0.009281,0.014342,-0.004054,-0.000503,0.002001,0.005615,0.001484,-0.00037,0.005422,-0.000359
Armenian_Syunik:Khndzoresk2,0.108132,0.132019,-0.054682,-0.052649,-0.033545,-0.008925,0.00423,-0.002538,-0.027202,-0.008747,0.008444,0.005995,0.004162,0.006055,0.000543,0.001326,-0.012517,0.005068,0.003771,-0.01038,0.004492,0.000618,-0.006779,0.003735,-0.003473
Armenian_Syunik:Meghri,0.101303,0.137096,-0.057699,-0.049096,-0.036007,-0.013945,0.004935,-0.006231,-0.02986,-0.01057,0.00341,0.004496,-0.003865,0.003716,-0.002714,0.003182,0,0.003927,0.005154,0.003126,0.002371,0.002968,-0.004437,-0.000602,0.001197
Armenian_Syunik:Shikaghoh,0.106994,0.13405,-0.056191,-0.045543,-0.032929,-0.009203,0.008225,-0.001846,-0.036201,-0.011299,0.004222,0.005545,-0.005946,0.007982,0.001493,-0.017767,-0.01017,0.002154,0.001508,0.006628,-0.002121,-0.002102,0.003697,0.00012,0.00467
Armenian_Syunik:Shrvenants,0.108132,0.13405,-0.05506,-0.053941,-0.033545,-0.018407,0.000235,0.002538,-0.027611,-0.005103,-0.004709,0.000599,-0.000297,0.003578,0.000814,0.001061,0.002738,0.003547,-0.005154,-0.009129,0.004742,-0.005317,0.000123,0.000482,-0.005987
Armenian_Syunik:Tegh,0.100164,0.137096,-0.050911,-0.049096,-0.030775,-0.005857,0.003525,-0.009,-0.03661,-0.007836,0.006496,0.005395,-0.006392,-0.000413,0.002172,0.004508,-0.002217,0.000253,0.002891,-0.006378,-0.000873,-0.000742,-0.003697,-0.003735,0.003233
Armenian_Syunik:Vaghatin,0.105855,0.132019,-0.049026,-0.052649,-0.026466,-0.009203,0,-0.007384,-0.033951,-0.002369,0.004222,-0.000749,-0.002825,0.00523,-0.009772,0.001989,0.004563,0.003294,-0.002011,-0.003752,0.008984,-0.003833,-0.001356,0.00735,-0.000599
Armenian_Syunik_o:Goris8,0.110408,0.148267,-0.055437,-0.066538,-0.033545,-0.013666,0.000705,-0.00923,-0.035996,-0.004191,0.000487,0.003447,-0.00669,0.005918,-0.003122,-0.012463,-0.008996,-0.001014,-0.00088,-0.005002,0.000499,0.004204,-0.01023,0.001446,0.005149
Armenian_Tabriz:Tabriz001,0.103579,0.132019,-0.05242,-0.058786,-0.026159,-0.01255,0.00423,-0.004615,-0.025975,-0.002551,-0.002436,0.001649,-0.005352,0.004542,-0.009772,-0.00305,0.004303,-0.000633,0.004399,-0.007504,0.000749,0.007048,0.001725,-0.006868,0.00455
Armenian_Urfa:URF1,0.104717,0.146236,-0.056568,-0.064277,-0.023697,-0.018686,0.003055,-0.006461,-0.026997,-0.00164,0.002761,0.005695,0.000743,0.006468,-0.004886,-0.009679,-0.015646,0.003294,0.002514,-0.001,-0.004617,0.002968,-0.001232,-0.003976,-0.002994
Armenian_Urfa:Urfa002,0.103579,0.137096,-0.057322,-0.068153,-0.028313,-0.021475,0.001645,-0.004615,-0.025156,-0.00164,-0.002598,0.000749,0.002825,0.007982,-0.009636,-0.010342,-0.006519,0.002787,0.000126,-0.007128,-0.005989,-0.001113,0.003574,0,0.00455
Armenian_Urfa:Urfa004,0.103579,0.140143,-0.056568,-0.065246,-0.026774,-0.013108,0.002585,-0.007154,-0.025156,0.002916,0.001137,0.005395,-0.00223,0.007294,-0.008686,-0.009149,-0.007432,0.000507,0.001383,-0.007879,0.002371,0.00272,-0.001725,-0.006145,0.003712
Armenian_Urfa:Urfa005,0.099026,0.142174,-0.062979,-0.075905,-0.029236,-0.023706,0.00047,-0.006,-0.026588,0.002369,0.006008,0.002248,0.004014,-0.003578,-0.011401,0.016043,0.018515,-0.00038,0.001131,-0.002251,-0.001996,0.000247,0.001232,0.002048,-0.003952
Armenian_Urfa:Urfa006,0.100164,0.139128,-0.059962,-0.068153,-0.025235,-0.014223,0.004465,-0.008538,-0.019634,0.000547,0.006658,0.003447,-0.001784,0.009496,-0.010722,0.00411,0.005737,0.002027,-0.000503,-0.000625,-0.002246,-0.00371,-0.000739,0.002771,0.002155
Armenian_Urfa:Urfa008,0.106994,0.138112,-0.059962,-0.077197,-0.025851,-0.025658,0.00799,0.000462,-0.031906,0.004191,0.005846,0.002248,0.000446,0.003028,-0.002714,0.006629,-0.000391,-0.000507,-0.003897,-0.000625,0.005116,0.004575,-0.005669,-0.003494,0.008143
Armenian_Urfa:Urfa010,0.09675,0.140143,-0.060716,-0.073644,-0.025235,-0.02008,0.00047,-0.002538,-0.024747,0.000364,0.006008,0.000899,0.00446,0.00578,-0.005836,0.001989,0.000652,0.001647,0.006285,-0.001876,-0.000499,0.000371,-0.008381,-0.001566,-0.002036
Armenian_Urfa:Urfa011,0.097888,0.138112,-0.059585,-0.065246,-0.026466,-0.019522,0.008695,-0.007615,-0.029656,0.008201,0.002111,-0.000749,-0.004757,-0.000275,-0.005429,-0.00305,0.000913,-0.004941,0.010056,0.002251,0.005116,0.001855,0.001849,-0.001446,-0.005149
Armenian_Van:VAN02,0.103579,0.140143,-0.058831,-0.06137,-0.030775,-0.013666,0.005405,-0.010384,-0.025565,-0.004738,-0.002436,3e-04,0.008622,0.00523,-0.007736,-0.008884,-0.010822,0.001394,0.003897,-0.012381,0.00549,0.001113,-0.000616,0.000602,0.001676
Armenian_Van:VAN05,0.100164,0.135065,-0.059208,-0.073321,-0.035699,-0.016455,0.00376,-0.004846,-0.026179,-0.010934,0.002761,-0.001499,0.001338,0.000688,-0.004343,0.015646,0.005476,-0.00038,0.005908,-0.002001,0.002496,-0.002473,0.002342,-0.001325,-0.001676
Armenian_Van:VAN07,0.097888,0.138112,-0.05506,-0.05814,-0.035699,-0.015339,0.009635,-0.006461,-0.037223,-0.00492,0.00341,0.001499,0,0.005643,-0.005429,-0.016176,-0.007171,-0.003547,0.001131,-0.005002,0.004742,-0.00136,-0.001725,-0.00253,0.000599
Armenian_Van:Van001,0.105855,0.137096,-0.055437,-0.051357,-0.033852,-0.018686,0.00282,-0.005307,-0.035178,-0.001276,0.003085,0.004346,-0.002081,-0.003991,-0.002307,0.007955,0.015907,-0.000633,0.002891,-0.001751,0.004243,0.004946,0.001232,0.005422,-0.003473
